
 Modeling: /teamspace/studios/this_studio/mouse-sleep-analysis/sample_data/features_1.npz 
 Dataset size: (5410, 10) 
 Dataset type: float32 
 
 d_min: [ 0.0039895   0.02137953  0.01226256  0.0039895   0.00830032  0.01853419
 -0.01169137 -0.04210427  0.03588133 -0.05200565] 
 
 d_max: [1.0511711  1.0666282  1.0397156  1.0511711  1.0183527  1.0287492
 1.049971   1.0019177  1.0617709  0.84173363] 
 
 d_mean: [0.4762279  0.46494135 0.4912229  0.4762279  0.5151638  0.5078936
 0.48312712 0.12433413 0.325605   0.23535684] 
 
 d_std: [0.27287263 0.23053777 0.24920878 0.27287263 0.24631725 0.26210466
 0.25529093 0.08386683 0.21025409 0.18346515] 