
 Dataset size: (5120, 10) 
 Dataset type: float32 
 
 Pre-processing: scaling single
 
 Data Range: [10. 10. 10. 10. 10. 10. 10. 10. 10. 10.] 
 
 Data min: [-5. -5. -5. -5. -5. -5. -5. -5. -5. -5.] 
 
 Data max: [5. 5. 5. 5. 5. 5. 5. 5. 5. 5.] 
 
 Data mean: [-0.5228248  -0.7558978  -0.2889908  -0.5228248   0.0619151  -0.21005519
 -0.2856409  -3.3889642  -2.2935848  -1.5299287 ] 
 
 Data std: [2.6314662  2.2162797  2.4328012  2.6314662  2.4623954  2.6105928
 2.424834   0.81404054 2.0833602  2.186744  ] 