
 Modeling: /notebooks/mouse-sleep-analysis/sample_data/sample_data.npz 
 Dataset size: (36432, 11) 
 Dataset type: float32 
 
 d_min: [-2.628282  -2.7008111 -2.7346487 -2.4531462 -2.3517494 -2.0543208
 -2.4909673 -2.4343596 -2.6052477 -1.7895339 -2.0330029] 
 
 d_max: [1.8021371 1.7898571 1.4945108 1.648875  1.6425937 1.4798543 1.9187225
 1.5428164 1.8398377 1.294912  1.4722996] 
 
 d_mean: [-4.21078880e-07  4.11935616e-06  4.23143575e-07 -6.14342753e-06
  4.80052313e-06 -1.14942466e-07  3.44055843e-06 -1.75866262e-06
  2.26858234e-07 -3.46417650e-08  6.54739342e-05] 
 
 d_std: [0.61040854 0.60628265 0.51652277 0.6419165  0.5588425  0.54566413
 0.7787474  0.5156148  0.72579503 0.49635026 0.6668796 ] 