
 Dataset size: (36352, 11) 
 Dataset type: float32 
 
 Pre-processing: scaling single
 
 Data Range: [10. 10. 10. 10. 10. 10. 10. 10. 10. 10. 10.] 
 
 Data min: [-5. -5. -5. -5. -5. -5. -5. -5. -5. -5. -5.] 
 
 Data max: [5. 5. 5. 5. 5. 5. 5. 5. 5. 5. 5.] 
 
 Data mean: [0.93245995 1.0141774  1.4649427  0.97633994 0.88746816 0.81111777
 0.6450506  1.119632   0.85739833 0.7982003  0.8040111 ] 
 
 Data std: [1.378036  1.3503861 1.2217808 1.5638069 1.3989936 1.5438662 1.7652577
 1.2965012 1.6321182 1.6085635 1.9026147] 